time,x,y,z,phi,theta,psi,x_velocity,y_velocity,z_velocity,phi_velocity,theta_velocity,psi_velocity,rotor_speed1,rotor_speed2,rotor_speed3,rotor_speed4
0.06,-1.93960368957e-07,-7.06828102492e-08,150.005396633,6.28308367063,0.000180009007829,0.0,-1.73826434941e-05,-7.87302434307e-06,0.17987580586,-0.00531776193863,0.00841126418068,0.0,461.625219103572,462.2883003245414,461.3502292645689,460.93027751946505
0.12000000000000001,-6.80404973674e-06,-3.92529629304e-06,150.019018041,6.28252474848,0.000633675221902,0.0,-0.000251480859431,-0.000163481176139,0.274152507998,-0.0188327326299,0.00580409691398,0.0,435.5619417875981,435.34377156168034,435.365336217043,434.2333773461963
0.18,-3.69602977093e-05,-3.17773234503e-05,150.038747759,6.28156865559,0.0013690856611,0.0,-0.000812203219378,-0.000872161661953,0.383473594841,-0.0106917580804,0.022764953074,0.0,439.28516727057064,440.6890319330315,439.56233563413747,440.236435810767
0.23999999999999996,-0.000124960531845,-0.00012625599931,150.068374588,6.28055673352,0.00251851802067,0.0,-0.00227317567163,-0.00237082261665,0.60399607162,-0.0335754239696,0.010736601728,0.0,473.67855753925903,472.7527333831543,475.2350846845423,473.47812771443427
0.3,-0.000325870106761,-0.000341121384874,150.111139397,6.27850665805,0.00259786861018,0.0,-0.00448723556534,-0.00503355192832,0.821365519446,-0.0353798070053,-0.0347429723514,0.0,474.2070248387241,470.70101300485265,473.7819004483104,473.64276673138085
0.36000000000000004,-0.000648609307167,-0.000753675573136,150.164644601,6.27585009604,0.00298549537738,0.0,-0.00623049313553,-0.00896140668659,0.962031836656,-0.0754185345699,0.0410252794562,0.0,448.3923723605263,454.505044476116,450.8086906837997,447.5605992958277
0.4200000000000001,-0.00107589233489,-0.00141852118631,150.220258814,6.27118277419,0.00518172476487,0.0,-0.00819283179754,-0.0135532429799,0.891829533001,-0.0830056265498,0.0258422897371,0.0,380.63778043241194,379.18300640945455,380.56945446644323,379.8366595471652
0.48000000000000015,-0.00168121520501,-0.00250030470421,150.276893827,6.26625243981,0.0068257667117,0.0,-0.0121482138053,-0.0230134940091,0.99591092466,-0.0805564985292,0.0303478895576,0.0,437.8090140332991,438.18387780419033,439.9784620008242,440.1756011039203
0.5400000000000001,-0.00255630847914,-0.00424523984821,150.339409174,6.26130999218,0.00848658301907,0.0,-0.0171971131613,-0.035641972133,1.08783991782,-0.0862799028506,0.0217265205579,0.0,436.3879043395942,435.66794937293673,434.9919430339976,434.5067510743949
0.6000000000000002,-0.00379294861535,-0.0069157342333,150.410440549,6.25762564612,0.0100829233667,0.0,-0.0241918460369,-0.053856093307,1.27966415665,-0.0342418441018,0.0349136100628,0.0,466.590365735118,467.6187457743699,463.62456267237616,467.6912733094329
0.6600000000000003,-0.00547619827306,-0.0107204307454,150.491675444,6.25593045633,0.0122905337881,0.0,-0.0321498076183,-0.0731650104229,1.42798343998,-0.0183754059208,0.04030980337,0.0,453.52650357800275,453.9602603534214,452.99109861668614,454.2648144379659
0.7200000000000003,-0.00769717062973,-0.0157393555556,150.582608094,6.25510096752,0.0143278322385,0.0,-0.0421370525624,-0.0942341023429,1.60286871914,-0.00600012216504,0.0165400391754,0.0,462.6471999799024,460.77244635283085,462.092880642821,463.0674114712541
0.7800000000000004,-0.0105569379543,-0.0220358821437,150.683932186,6.25462402536,0.0156271731924,0.0,-0.0533157381213,-0.115690072513,1.77434622549,-0.012163521001,0.03030675864,0.0,461.33490119532973,462.4205386692918,461.6061735548516,461.11970137763166
0.8400000000000004,-0.0140529722255,-0.0295115005008,150.791339197,6.25351505711,0.0172467207738,0.0,-0.063376881544,-0.133576297179,1.80583196775,-0.0357598443822,0.0193677715165,0.0,417.75856421098274,416.80391749514104,419.5051037801388,417.45122620196315
0.9000000000000005,-0.0182436609358,-0.0381917103198,150.904153601,6.25097937314,0.0193657045166,0.0,-0.0764999596264,-0.156007094816,1.95439291038,-0.0602630334047,0.0560163895895,0.0,454.40045933351547,457.32917075131115,455.78205612830254,453.8185449179493
0.9600000000000005,-0.023310319628,-0.0483354926923,151.027564775,6.24719434452,0.0221948337765,0.0,-0.0927606077919,-0.182540892347,2.15892393127,-0.0694214848268,0.0162594076472,0.0,474.62804433731617,471.56810397114106,472.61540109548395,471.9063668544667
1.0200000000000005,-0.0293639499148,-0.0600887451863,151.161208193,6.24320832345,0.0235611824824,0.0,-0.109149725556,-0.209661876787,2.2955691309,-0.061045517389,0.0333604194613,0.0,452.1008168493669,453.476556333012,453.0003844601784,453.670167230313
1.0800000000000005,-0.0364367434509,-0.0735565878047,151.303101088,6.23932871277,0.0262848331168,0.0,-0.126865436987,-0.239659570162,2.43388176073,-0.0730956396648,0.062419272533,0.0,453.17386217234537,455.50462468910405,454.52044398788786,453.5506789961853
1.1400000000000006,-0.0445964892495,-0.0888431296077,151.45175394,6.23511565891,0.02986505761,0.0,-0.145488602749,-0.270313261299,2.52098933981,-0.0650092200376,0.053514489993,0.0,438.12256532470116,437.3841390124985,439.658844069875,440.32445291402047
1.2000000000000006,-0.0539033522371,-0.105986440097,151.604273767,6.23145554005,0.0333166153084,0.0,-0.165049819595,-0.30147835608,2.5628778841,-0.0540007454914,0.0645339191894,0.0,423.817966863313,424.76643456712105,424.7399677384797,425.6801389955311
1.2600000000000007,-0.0643529150402,-0.124915557099,151.756414035,6.22844617536,0.0370183449345,0.0,-0.183573973726,-0.329745913709,2.50855553122,-0.0434049162672,0.0553129344122,0.0,391.9923199523326,391.1377721832787,392.26780263537626,393.2485364445044
1.3200000000000007,-0.0763110120793,-0.14608497693,151.914288825,6.22570804158,0.0401208340863,0.0,-0.215406569183,-0.376200226187,2.75333533557,-0.0505168941592,0.0432985892832,0.0,487.0119625731112,486.11397847720264,487.68178952671155,487.1492680157438
1.3800000000000008,-0.0900380178443,-0.169804149508,152.081538388,6.22241632151,0.0429244889808,0.0,-0.242417673221,-0.414735919553,2.82144418356,-0.0653921640148,0.0528269354458,0.0,433.8824075013139,434.6829701476511,435.7176796491856,434.4701310416534
1.4400000000000008,-0.105459297864,-0.195926604738,152.253239608,6.21861296036,0.0461069676527,0.0,-0.271931681033,-0.456383467329,2.9016776635,-0.0596594121584,0.0534664918611,0.0,439.2318080346256,439.2867251348158,438.55811037559397,439.03102687566604
1.5000000000000009,-0.122725317031,-0.22463688405,152.429953507,6.21507459636,0.0491781803799,0.0,-0.303907288614,-0.500968280477,2.9885077413,-0.0576341418628,0.046187934287,0.0,441.92810708565946,441.3294313797904,441.6236460190667,441.7882096636465
1.560000000000001,-0.141946807495,-0.256060296372,152.611378663,6.21146827831,0.0522791858435,0.0,-0.337089161434,-0.546811559186,3.05875518829,-0.0655700867229,0.0608736044609,0.0,437.23532643266896,438.4588488611838,436.4546936032214,435.78918427663007
1.620000000000001,-0.163455254413,-0.290623158165,152.801366171,6.2080507972,0.0555852650852,0.0,-0.380246988424,-0.605674052162,3.27349075288,-0.0437189529469,0.0398943528225,0.0,482.4767369225461,480.8919098846375,480.61324837129723,482.26445206067183
1.680000000000001,-0.187682907834,-0.328869676567,153.005208175,6.20566664874,0.0576876839526,0.0,-0.42758268177,-0.669464990365,3.52044476791,-0.0327703305811,0.0229387978977,0.0,493.170587736425,491.91697849672727,491.3638238103718,492.17416947670864
1.740000000000001,-0.214487228746,-0.370582187653,153.218495161,6.20433020141,0.0587212468326,0.0,-0.466004744966,-0.721094829393,3.58886493884,-0.00687282894868,0.00222611873065,0.0,441.0133259410572,439.2990283545502,438.8998939150121,441.04400949288333
1.8000000000000012,-0.243880003973,-0.415772274968,153.440403227,6.20426864064,0.0588497198095,0.0,-0.513730455501,-0.785217528114,3.80733355042,0.00865826142456,0.00197085471392,0.0,486.28586179957085,486.266693907578,485.2264098446667,486.39102632551203
1.8600000000000012,-0.275703257203,-0.46422480323,153.668018989,6.20470156219,0.059575429218,0.0,-0.547092504229,-0.829842300864,3.77993223251,0.00416093124238,0.0270869005115,0.0,409.67620386708296,411.90350176121143,410.6691714881243,410.26992005979156
1.9200000000000013,-0.309759555505,-0.51563021441,153.89755308,6.2050538684,0.0608402144067,0.0,-0.58825137893,-0.8836246124,3.87086584352,0.00909103720863,0.00500221989415,0.0,450.2808847093045,448.49060616515885,448.66229859977454,449.0623228212261
1.9800000000000013,-0.346421024917,-0.570402251886,154.134406141,6.20531330003,0.0609373839979,0.0,-0.633791644334,-0.942031033166,4.02368083194,-0.00750695937743,-0.00619052574278,0.0,469.4162227119299,468.54678299963234,469.15526760315845,467.86463816385935
2.0400000000000014,-0.385772658693,-0.628624297513,154.379725036,6.20486771481,0.0607103586313,0.0,-0.677873691177,-0.998724405828,4.15311905534,-0.00726582188219,0.000641132433931,0.0,462.14674644144543,462.68502150137397,463.2559133641139,463.2749912819786
2.1000000000000014,-0.427737206717,-0.690220725085,154.632311495,6.20402388438,0.0612062592279,0.0,-0.720954377603,-1.05452712184,4.26597335714,-0.0333127623952,0.0202944159564,0.0,458.1281878415648,459.688256074025,459.75365994181135,457.6851546255492
2.1600000000000015,-0.471927210344,-0.754706794307,154.885587884,6.20238446569,0.0623248925234,0.0,-0.752157535819,-1.09517733612,4.17686443241,-0.0174452828452,0.0151199828073,0.0,394.23397796093417,393.7555061473142,391.7214280040596,393.19405718693497
2.2200000000000015,-0.518294694339,-0.822028772802,155.138101389,6.20135514074,0.0633741158176,0.0,-0.793510083119,-1.14898009377,4.23996979617,-0.0165819279986,0.0218441387688,0.0,443.63257973781685,444.18433930415296,443.4516630382483,443.52266142120277
2.2800000000000016,-0.566935877292,-0.89230488675,155.390788122,6.20028379725,0.0646965060205,0.0,-0.827985423665,-1.19366754709,4.1830921837,-0.0205332366272,0.0224283460518,0.0,404.04812605482635,404.1008678787243,405.2186045070978,404.8632372248823
2.3400000000000016,-0.618055485946,-0.965777368256,155.645993799,6.19868758178,0.0659405583963,0.0,-0.876112236769,-1.25553006742,4.32317224751,-0.0429174753683,0.0171105807398,0.0,467.6227253729891,467.20822830237574,468.85239206111623,467.1096994085009
2.4000000000000017,-0.672136115634,-1.04306338584,155.910288068,6.19618250678,0.0666132628936,0.0,-0.926637543871,-1.32090830141,4.48592074609,-0.0395158473944,-0.00446545621703,0.0,476.41332273820274,474.7604997080529,475.623286352979,475.8829494878013
2.4600000000000017,-0.729097696745,-1.12411757315,156.181908782,6.19364424881,0.0668014656839,0.0,-0.972066013975,-1.38112358636,4.56770605944,-0.0485613287317,0.0151390640702,0.0,451.8528820687131,453.4307241165352,452.86900360733324,452.13979840475594
2.520000000000002,-0.788981620682,-1.20908720041,156.461177909,6.19174988301,0.0688787374107,0.0,-1.02420764113,-1.45140047341,4.74045575786,-0.00999557835869,0.0581585010143,0.0,479.55457503419393,482.81191507920056,479.047436650276,481.97078724653517
2.580000000000002,-0.851811962207,-1.29799634148,156.747370077,6.19159913813,0.0722033308751,0.0,-1.07045150481,-1.51226290427,4.79895530587,0.00933932747027,0.049254331195,0.0,447.4316686911901,446.7081031642823,447.8018375366692,449.3721507163655
2.640000000000002,-0.917639343552,-1.39075818377,157.039218205,6.19200756907,0.0755810806808,0.0,-1.12409845389,-1.57971259293,4.92867687899,0.00118913462409,0.0675764829553,0.0,469.9473795248157,471.3675094436859,470.3797330694679,469.74796549017134
2.700000000000002,-0.986392054197,-1.48712095599,157.333996387,6.19258914617,0.079141713074,0.0,-1.16799730704,-1.63238165542,4.89732818259,0.0228065453172,0.0328232030572,0.0,421.59008630492474,418.5784497595008,420.47717866923347,422.34602014991884
2.760000000000002,-1.0578999115,-1.58671087931,157.62771797,6.19384719129,0.0811651519225,0.0,-1.21578155534,-1.68719477751,4.89336307304,0.017009479492,0.0354669249454,0.0,429.83757891157154,430.0620977578137,429.6056482272534,429.1137570430955
2.820000000000002,-1.13240910565,-1.68967871943,157.922367789,6.19487575189,0.0830321414461,0.0,-1.26804151954,-1.74498298395,4.92809017687,0.0174077336433,0.0205674432219,0.0,442.03467550846227,440.8052894396253,443.0490502722887,443.08171947772263
2.880000000000002,-1.2099169226,-1.79591892555,158.217050048,6.19640914376,0.0839127049038,0.0,-1.31566761693,-1.79628955005,4.89476378376,0.0382369145164,-0.000972829399257,0.0,421.24795192066654,419.3807716914868,419.62746353475677,421.43216882805774
2.940000000000002,-1.2904802803,-1.90540374082,158.51191112,6.19881194179,0.0839728636822,0.0,-1.36977929921,-1.8530043964,4.93375323266,0.0434395962152,0.00468696956709,0.0,443.98269156860573,444.4468605888286,443.0880896313795,443.5164876347522
3.000000000000002,-1.37494082264,-2.01889401321,158.816741229,6.2013343758,0.0841541632783,0.0,-1.44550552138,-1.92959258673,5.22589937687,0.0390852901892,-0.000536617606797,0.0,519.3603178584849,518.9937193301955,517.6946826920333,517.3888530939215
3.0600000000000023,-1.46334247949,-2.13633384187,159.131899994,6.20363399277,0.0840112293447,0.0,-1.50120533164,-1.98486318464,5.27912871147,0.0367658160433,-0.00635595146046,0.0,451.49992695132033,451.03015226580305,451.85573961309507,451.6693695672388
3.1200000000000023,-1.55521395208,-2.25717287115,159.4517669,6.20651795713,0.083439999475,0.0,-1.56110768507,-2.04283653193,5.38260119723,0.0643295341241,-0.0167499567877,0.0,467.77601254420307,466.9658987418265,466.5076820188965,468.65654515840123
3.1800000000000024,-1.65026095019,-2.38106126468,159.772957545,6.21064312942,0.0825586533309,0.0,-1.60710048599,-2.08653034744,5.3240672289,0.0763843820758,-0.0108569512108,0.0,416.2987417490724,416.8142629684393,416.54944202234793,417.6063730744302
3.2400000000000024,-1.74830469464,-2.50772540514,160.09359945,6.21567626758,0.0814295959755,0.0,-1.66096010053,-2.1351941374,5.3638460448,0.095753480634,-0.0437567761566,0.0,450.11739380156286,447.44641736568013,446.7906982426295,448.37290496131396
3.3000000000000025,-1.84924100926,-2.63696180494,160.41274248,6.2219522407,0.0792341277917,0.0,-1.70347623303,-2.17232429691,5.274766266,0.118113049935,-0.0251484762049,0.0,404.99556506158126,406.6653315839863,405.03173822287437,407.0485015464818
3.3600000000000025,-1.95313267397,-2.76866322793,160.731954669,6.2300629148,0.0776371164604,0.0,-1.7594220791,-2.21698508179,5.36530800378,0.156804640379,-0.0297279486705,0.0,462.86874908328457,462.508029659366,461.88670772074806,464.94364777254407
3.4200000000000026,-2.06014409438,-2.90274579864,161.05390734,6.23934218112,0.0760478892024,0.0,-1.80751503655,-2.25168870463,5.36656935528,0.14997069925,-0.0206874276242,0.0,435.81950114314685,436.57443637262554,435.5683457296479,435.0194654718383
3.4800000000000026,-2.16992236831,-3.0387062755,161.374650892,6.24868736148,0.0745221415257,0.0,-1.85170294266,-2.27965929552,5.32520279208,0.16533675247,-0.0371767972226,0.0,422.0809698692642,420.6549997624631,420.9513293779714,422.3033369988258
3.5400000000000027,-2.28281244217,-3.17641424354,161.699398663,6.25874649759,0.0727897382392,0.0,-1.91105845576,-2.30952252766,5.49902672226,0.171916421819,-0.016004487679,0.0,486.14295340109027,487.7268132196821,487.6164164384326,488.1318645924572
3.6000000000000028,-2.39910349877,-3.31565517741,162.032771263,6.26876405489,0.0716792672262,0.0,-1.96520115251,-2.33083922363,5.61296079975,0.154546853172,-0.0240541950896,0.0,472.28164097788056,471.66033358743704,471.14093067768573,469.82058835155914
3.660000000000003,-2.51817995018,-3.45590193568,162.36676564,6.27791621377,0.0707195088405,0.0,-2.00400173125,-2.34344142553,5.52076595058,0.148182035009,-0.00342631360579,0.0,405.0536890453414,406.9049647260435,406.494590801543,405.94801573489707
3.720000000000003,-2.63952138674,-3.59677834022,162.6944087,0.00377338807792,0.0703343237558,0.0,-2.04077192979,-2.35187141081,5.40135603802,0.155328433103,-0.0132034091968,0.0,395.2745717228346,394.3724164077475,395.30981239754163,395.9923110694423
3.780000000000003,-2.76364395317,-3.73799832162,163.023042483,0.0133938244447,0.0707643304265,0.0,-2.09663120958,-2.35448022334,5.5524631613,0.16883319472,0.0313594216241,0.0,478.5341278302064,481.9148825696727,480.4234247987244,481.4685780957665
3.840000000000003,-2.89068318359,-3.87926691909,163.354296091,0.0241481082327,0.0727147016356,0.0,-2.13821312008,-2.35370417777,5.48971276846,0.1945226641,0.0347059471003,0.0,415.20271926102987,415.49675237901704,413.1431246889844,415.43528277402544
3.900000000000003,-3.02063993391,-4.02018846497,163.687053361,0.0354937013237,0.0744651404004,0.0,-2.19387501038,-2.34255223037,5.60171721127,0.175116389164,0.0148149589211,0.0,470.44423403289824,468.90147775041856,470.2012447973773,468.72755451248634
3.960000000000003,-3.15390125458,-4.16025420339,164.025545253,0.0459078759079,0.0749755080651,0.0,-2.24825397487,-2.32532795701,5.68102261803,0.170286198847,-0.0087329498661,0.0,461.6308051163089,459.7685218468733,460.77634029748407,460.4220597459946
4.020000000000002,-3.29032537271,-4.299158676,164.367297212,0.0564349521911,0.0742962055033,0.0,-2.29919934746,-2.30391161461,5.71064816975,0.184163119025,-0.0170797654629,0.0,445.90379820486976,445.221399866645,445.6084281493521,446.7708756142567
4.080000000000001,-3.42967163702,-4.43668961496,164.709088271,0.0677465486031,0.0735221002049,0.0,-2.34566440382,-2.27954620317,5.68262147235,0.196061283671,-0.00563705841684,0.0,426.25763109475065,427.2346692411286,427.53729576123516,428.5858909478502
4.14,-3.57215730055,-4.57223797336,165.053983913,0.0789508771522,0.0735911155616,0.0,-2.40384701706,-2.23756496268,5.81330056852,0.151849722395,0.0121031344734,0.0,476.1197947331698,477.47533856832564,477.75353505292304,474.3997087025848
4.199999999999998,-3.71788474307,-4.70532892483,165.403160488,0.0876876864728,0.0747712390601,0.0,-2.4538589556,-2.19801483294,5.82587097649,0.128689401653,0.0316235794663,0.0,440.18773436724223,441.8004431355567,442.778029315712,440.8877894399548
4.259999999999997,-3.86678665321,-4.835728044,165.754958199,0.0954398028871,0.0766650852675,0.0,-2.50973231223,-2.14789543178,5.90031246181,0.130206763705,0.031444907405,0.0,461.05385053854667,461.0400448611868,460.72732263385774,460.86191842787605
4.319999999999996,-4.01904309131,-4.96301931172,166.110656005,0.10321872269,0.0788741315898,0.0,-2.56569451954,-2.09442595097,5.95595453822,0.12850966045,0.0458347624177,0.0,455.2107766771354,456.3616110463951,456.2211769961446,456.10054492646356
4.379999999999995,-4.1747809214,-5.08685762107,166.470565509,0.111560125737,0.0818093030221,0.0,-2.62585041838,-2.03275253057,6.04051828054,0.15443175522,0.0544662557261,0.0,464.7704076718998,465.4478897991067,464.97301342042175,467.0162209517784
4.439999999999993,-4.33407539996,-5.20698668557,166.834077558,0.120468754074,0.0846604219062,0.0,-2.68427512221,-1.97072236737,6.07628280765,0.132621546843,0.0276253664172,0.0,451.8655352685087,449.69737455713954,453.1689634650594,451.4320139114826
4.499999999999992,-4.49704602934,-5.32306562497,167.201058492,0.128042114617,0.0862054893514,0.0,-2.74824714116,-1.89783609999,6.15591419683,0.108654165691,0.0217117271993,0.0,466.80347972077664,466.3417854753183,465.66948265081504,463.8039351613135
4.559999999999991,-4.66377542747,-5.4347975691,167.571433631,0.135021593411,0.088232046132,0.0,-2.80958803653,-1.82593488503,6.18964993694,0.128403153268,0.0508335002452,0.0,451.2347152375951,453.58040469226904,451.7966316186883,453.3980593490185
4.6199999999999894,-4.83417503233,-5.54217081447,167.943124491,0.143036623978,0.0910562035404,0.0,-2.87069579828,-1.75246201582,6.19986462692,0.142320897514,0.0382171258882,0.0,445.45969189895413,444.4278927143953,445.8249844544968,446.9771461815685
4.679999999999988,-5.00824217957,-5.64507338575,168.314796187,0.151574673556,0.0928114778413,0.0,-2.93178061853,-1.67686132688,6.18912794947,0.142260700822,-0.00244667771318,0.0,441.10459906008015,437.73316441609,439.20242491852616,439.2165619620468
4.739999999999987,-5.18589577657,-5.74347015592,168.684609852,0.160483708971,0.0931622836064,0.0,-2.99010462352,-1.60225990943,6.13817738862,0.158672422359,0.01870576814,0.0,425.2060880702425,427.01470449505354,425.5127866744297,426.93722679133475
4.799999999999986,-5.36743881778,-5.83660253547,169.055230164,0.170131018006,0.0945520999792,0.0,-3.06147355862,-1.50124697986,6.21526020962,0.164711328645,0.0308495149521,0.0,466.12003190047847,467.0682891810244,466.73484790624497,467.22918086173695
4.859999999999984,-5.55346002357,-5.92319861236,169.432028339,0.180214364679,0.0970951101073,0.0,-3.1394594727,-1.38432526917,6.34375735269,0.17401473628,0.0588930153125,0.0,483.12297392077863,485.2339353539037,482.39716400728383,483.1237836321916
4.919999999999983,-5.74403657441,-6.0029154179,169.814534866,0.190533529972,0.100249447255,0.0,-3.21343254304,-1.27194504487,6.40585441829,0.167591075653,0.0352964625542,0.0,465.8115265283455,463.96378767359437,465.9797538506097,465.5041217926527
4.979999999999982,-5.93864914232,-6.0765733518,170.196153048,0.200542676563,0.102396821686,0.0,-3.2739182442,-1.18245266064,6.31504082055,0.165230957714,0.0367577790236,0.0,416.3320951539017,416.4606247921428,417.2235787650013,417.04601952524445
5.0399999999999805,-6.13722227061,-6.14414786499,170.575002357,0.210652658447,0.1053260549,0.0,-3.34547110289,-1.06913219589,6.31299765553,0.174337556887,0.0658748711886,0.0,445.4043151094974,447.7811386618404,444.67955894679886,445.45212453765794
